i1=-1*(28.407283-37.798752)
	i1=i1+-1*(27.864440-30.686099)
	i1=i1+-1*(31.845545-41.401102)
	i1=i1+-1*(48.351597-57.661253)
	i1=i1+-1*(04.533569-13.815039)
	i1=i1+-1*(02.671918-12.473326)
	i1=i1+-1*(30.482279-39.939542)
	i1=i1+-1*(57.268808-06.754645)
	i1=i1+-1*(18.288296-27.827761)
	i1=i1+-1*(18.288296-27.827761)
	i1=i1+-1*(32.271933-41.843042)
	i1=i1+-1*(48.753017-58.185639)
	i1=i1+-1*(06.295542-15.809775)
	i1=i1+-1*(19.831972-31.296194)
	i1=i1+-1*(42.309949-51.811732)


% i1=datetime()-datetime()
% i1=i1+datetime()-datetime()


n=15
avg=i1/n