i1=-1*(55.809165-43.570157)
	i1=i1+(31.830005-15.967105)
	i1=i1+(10.708998+(60-58.765802))
	i1=i1+(25.265950-13.191142)
	i1=i1+(40.043806-27.870881)
	i1=i1+(59.425171-47.010012)
    	i1=i1+(14.771522-02.685337)
	i1=i1+(43.811500-31.147119)
% 	i1=i1+-1*(30.482279-39.939542)
% 	i1=i1+-1*(57.268808-06.754645)
% 	i1=i1+-1*(18.288296-27.827761)
% 	i1=i1+-1*(18.288296-27.827761)
% 	i1=i1+-1*(32.271933-41.843042)
% 	i1=i1+-1*(48.753017-58.185639)
% 	i1=i1+-1*(06.295542-15.809775)
% 	i1=i1+-1*(19.831972-31.296194)
% 	i1=i1+-1*(42.309949-51.811732)


% i1=datetime()-datetime()
% i1=i1+datetime()-datetime()


n=7
avg=i1/n